0 1565
1 1565
2 1565
3 1565
4 1565
5 1565
6 1565
7 1565
8 1565
9 1565
10 1565
11 1565
12 1565
13 1549
14 1549
15 1549
16 1549
17 1549
18 1549
19 1549
20 1549
21 1549
22 1549
23 1549
24 1549
25 1549
26 1549
27 1549
28 1549
29 1549
30 1549
31 1549
32 1549
33 1549
34 1549
35 1549
36 1549
37 1549
38 1437
39 1437
40 1437
41 1437
42 1437
43 1437
44 1437
45 1437
46 1437
47 1437
48 1437
49 1437
50 1437
51 1437
52 1437
53 1437
54 1437
55 1437
56 1437
57 1437
58 1437
59 1437
60 1437
61 1437
62 1437
63 1437
64 1437
65 1437
66 1437
67 1437
68 1437
69 1437
70 1437
71 1437
72 1437
73 1437
74 1437
75 1437
76 1437
77 1437
78 1437
79 1437
80 1437
81 1437
82 1437
83 1437
84 1437
85 1437
86 1437
87 1437
88 1437
89 1437
90 1437
91 1437
92 1437
93 1437
94 1437
95 1437
96 1437
97 1437
98 1437
99 1437
