EXP 1
Ciudades Frecuencia_aparicion_valor_minimo_local
4 1.0
5 1.0
6 1.0
7 0.868
8 0.422
9 0.292
10 0.094
11 0.08
12 0.03
13 0.014
14 0.002
15 0.002
16 0.002
17 0.002
18 0.002
19 0.002
20 0.002
EXP 2
4 1.0
5 1.0
6 1.0
7 1.0
8 0.494
9 0.348
10 0.112
11 0.118
12 0.048
13 0.006
14 0.016
15 0.004
16 0.002
17 0.002
18 0.002
19 0.002
20 0.002
EXP 3
4 1.0
5 0.824
6 0.58
7 0.914
8 0.7
9 0.6
10 0.098
11 0.066
12 0.002
13 0.024
14 0.012
15 0.006
16 0.002
17 0.002
18 0.002
19 0.002
20 0.002
EXP 4
4 1.0
5 1.0
6 1.0
7 0.764
8 0.366
9 0.458
10 0.164
11 0.018
12 0.044
13 0.008
14 0.004
15 0.002
16 0.002
17 0.002
18 0.002
19 0.002
20 0.002
4 1.0
5 1.0
6 1.0
7 0.654
8 0.604
9 0.752
10 0.278
11 0.128
12 0.046
13 0.016
14 0.004
15 0.002
16 0.002
17 0.002
18 0.002
19 0.002
20 0.002
EXP 5
4 1.0
5 1.0
6 0.59
7 1.0
8 0.354
9 0.548
10 0.16
11 0.06
12 0.038
13 0.016
14 0.004
15 0.008
16 0.002
17 0.002
18 0.002
19 0.002
20 0.002
EXP 6
4 1.0
5 1.0
6 1.0
7 0.592
8 0.502
9 0.398
10 0.096
11 0.018
12 0.028
13 0.01
14 0.002
15 0.006
16 0.004
17 0.002
18 0.002
19 0.002
20 0.002
EXP 7
4 1.0
5 1.0
6 1.0
7 0.8
8 0.452
9 0.378
10 0.098
11 0.128
12 0.018
13 0.002
14 0.004
15 0.002
16 0.002
17 0.002
18 0.002
19 0.002
20 0.002
EXP 8
4 1.0
5 1.0
6 1.0
7 1.0
8 0.642
9 0.154
10 0.23
11 0.072
12 0.004
13 0.012
14 0.014
15 0.004
16 0.004
17 0.002
18 0.002
19 0.002
20 0.002
EXP 9
4 1.0
5 1.0
6 0.612
7 0.902
8 0.434
9 0.646
10 0.196
11 0.048
12 0.008
13 0.01
14 0.002
15 0.002
16 0.002
17 0.002
18 0.002
19 0.002
20 0.002
EXP 10
4 1.0
5 1.0
6 1.0
7 0.708
8 0.452
9 0.626
10 0.09
11 0.074
12 0.01
13 0.032
14 0.006
15 0.002
16 0.004
17 0.002
18 0.002
19 0.002
20 0.002
