EXP 1
Ciudades Frecuencia_aparicion_valor_minimo_local
4 1.0
5 1.0
6 0.674
7 0.468
8 0.422
9 0.738
10 0.092
11 0.092
12 0.008
13 0.016
14 0.002
15 0.004
16 0.002
17 0.002
18 0.002
19 0.002
20 0.002
EXP 2
4 1.0
5 1.0
6 1.0
7 0.582
8 0.398
9 0.076
10 0.018
11 0.016
12 0.002
13 0.002
14 0.002
15 0.002
16 0.002
17 0.002
18 0.002
19 0.002
20 0.002
EXP 3
4 1.0
5 1.0
6 0.784
7 0.624
8 0.362
9 0.058
10 0.086
11 0.03
12 0.004
13 0.002
14 0.002
15 0.002
16 0.002
17 0.002
18 0.002
19 0.002
20 0.002
EXP 4
4 1.0
5 1.0
6 1.0
7 0.692
8 0.368
9 0.272
10 0.084
11 0.016
12 0.008
13 0.004
14 0.002
15 0.002
16 0.002
17 0.002
18 0.002
19 0.002
20 0.002
EXP 5
4 1.0
5 0.494
6 1.0
7 0.81
8 0.382
9 0.028
10 0.096
11 0.02
12 0.016
13 0.006
14 0.002
15 0.002
16 0.002
17 0.002
18 0.002
19 0.002
20 0.002
EXP 6
4 1.0
5 0.83
6 0.996
7 0.982
8 0.268
9 0.366
10 0.036
11 0.026
12 0.008
13 0.002
14 0.002
15 0.002
16 0.002
17 0.002
18 0.002
19 0.002
20 0.002
EXP 7
4 1.0
5 1.0
6 0.996
7 0.578
8 0.424
9 0.172
10 0.028
11 0.018
12 0.01
13 0.002
14 0.002
15 0.002
16 0.002
17 0.002
18 0.002
19 0.002
20 0.002
EXP 8
4 1.0
5 1.0
6 1.0
7 0.97
8 0.372
9 0.144
10 0.032
11 0.028
12 0.002
13 0.002
14 0.002
15 0.002
16 0.002
17 0.002
18 0.002
19 0.002
20 0.002
EXP 9
4 1.0
5 1.0
6 0.988
7 0.894
8 0.548
9 0.14
10 0.056
11 0.014
12 0.004
13 0.002
14 0.002
15 0.002
16 0.002
17 0.002
18 0.002
19 0.002
20 0.002
EXP 10
4 1.0
5 1.0
6 0.526
7 0.952
8 0.704
9 0.126
10 0.046
11 0.002
12 0.006
13 0.002
14 0.004
15 0.002
16 0.002
17 0.002
18 0.002
19 0.002
20 0.002
