10.0000
9.9000
9.8010
9.7030
9.6060
9.5099
9.4148
9.3207
9.2274
9.1352
9.0438
8.9534
8.8638
8.7752
8.6875
8.6006
8.5146
8.4294
8.3451
8.2617
8.1791
8.0973
8.0163
7.9361
7.8568
7.7782
7.7004
7.6234
7.5472
7.4717
7.3970
7.3230
7.2498
7.1773
7.1055
7.0345
6.9641
6.8945
6.8255
6.7573
6.6897
6.6228
6.5566
9.4910
9.3961
9.3022
9.2091
9.1170
9.0259
8.9356
8.8463
8.7578
8.6702
8.5835
8.4977
8.4127
8.3286
8.2453
8.1628
8.0812
8.0004
7.9204
7.8412
7.7628
7.6851
7.6083
7.5322
7.4569
7.3823
7.3085
7.2354
7.1631
7.0914
7.0205
6.9503
6.8808
6.8120
6.7439
6.6764
6.6097
6.5436
6.4781
6.4134
6.3492
6.2857
6.2229
6.1607
6.0990
6.0381
8.9777
8.8879
8.7990
8.7110
8.6239
8.5377
8.4523
8.3678
8.2841
8.2013
8.1192
8.0381
7.9577
7.8781
7.7993
7.7213
7.6441
7.5677
7.4920
7.4171
7.3429
7.2695
7.1968
7.1248
7.0536
6.9830
6.9132
6.8441
6.7756
6.7079
6.6408
6.5744
6.5086
6.4435
6.3791
6.3153
6.2522
6.1896
6.1278
6.0665
6.0058
5.9458
5.8863
5.8274
5.7692
5.7115
5.6544
5.5978
5.5418
5.4864
8.4315
8.3472
8.2638
8.1811
8.0993
8.0183
7.9381
7.8588
7.7802
7.7024
7.6253
7.5491
7.4736
7.3989
7.3249
7.2516
7.1791
7.1073
7.0362
6.9659
6.8962
6.8273
6.7590
6.6914
6.6245
6.5582
6.4927
6.4277
6.3635
6.2998
6.2368
6.1744
6.1127
6.0516
5.9911
5.9312
5.8718
5.8131
5.7550
5.6974
5.6405
5.5841
5.5282
5.4729
5.4182
5.3640
5.3104
5.2573
5.2047
5.1527
5.1011
5.0501
4.9996
4.9496
7.9001
7.8211
7.7429
7.6655
7.5888
7.5129
7.4378
7.3634
7.2898
7.2169
7.1447
7.0733
7.0026
6.9325
6.8632
6.7946
6.7266
6.6594
6.5928
6.5268
6.4616
6.3970
6.3330
6.2697
6.2070
6.1449
6.0834
6.0226
5.9624
5.9028
5.8437
5.7853
5.7274
5.6702
5.6135
5.5573
5.5018
5.4467
5.3923
5.3383
5.2850
5.2321
5.1798
5.1280
5.0767
5.0259
4.9757
4.9259
4.8767
4.8279
4.7796
4.7318
4.6845
4.6377
4.5913
4.5454
4.4999
4.4549
4.4104
7.3663
7.2926
7.2197
7.1475
7.0760
7.0053
6.9352
6.8658
6.7972
6.7292
6.6619
6.5953
6.5294
6.4641
6.3994
6.3354
6.2721
6.2093
6.1473
6.0858
6.0249
5.9647
5.9050
5.8460
5.7875
5.7296
5.6723
5.6156
5.5595
5.5039
5.4488
5.3943
5.3404
5.2870
5.2341
5.1818
5.1300
5.0787
5.0279
4.9776
4.9278
4.8785
4.8298
4.7815
4.7337
4.6863
4.6395
4.5931
4.5471
4.5017
4.4566
4.4121
4.3680
4.3243
4.2810
4.2382
4.1958
4.1539
4.1123
4.0712
4.0305
3.9902
3.9503
3.9108
3.8717
6.8330
6.7646
6.6970
6.6300
6.5637
6.4981
6.4331
6.3688
6.3051
6.2420
6.1796
6.1178
6.0566
5.9961
5.9361
5.8768
5.8180
5.7598
5.7022
5.6452
5.5887
5.5328
5.4775
5.4227
5.3685
5.3148
5.2617
5.2091
5.1570
5.1054
5.0544
5.0038
4.9538
4.9042
4.8552
4.8066
4.7586
4.7110
4.6639
4.6172
4.5711
4.5254
4.4801
4.4353
4.3909
4.3470
4.3036
4.2605
4.2179
4.1757
4.1340
4.0926
4.0517
4.0112
3.9711
3.9314
3.8921
3.8531
3.8146
3.7765
3.7387
3.7013
3.6643
3.6277
3.5914
3.5555
3.5199
3.4847
3.4499
3.4154
3.3812
3.3474
6.3139
6.2508
6.1883
6.1264
6.0651
6.0045
5.9444
5.8850
5.8261
5.7679
5.7102
5.6531
5.5966
5.5406
5.4852
5.4303
5.3760
5.3223
5.2691
5.2164
5.1642
5.1126
5.0614
5.0108
4.9607
4.9111
4.8620
4.8134
4.7652
4.7176
4.6704
4.6237
4.5775
4.5317
4.4864
4.4415
4.3971
4.3531
4.3096
4.2665
4.2238
4.1816
4.1398
4.0984
4.0574
4.0168
3.9767
3.9369
3.8975
3.8586
3.8200
3.7818
3.7439
3.7065
3.6694
3.6328
3.5964
3.5605
3.5249
3.4896
3.4547
3.4202
3.3860
3.3521
3.3186
3.2854
3.2525
3.2200
3.1878
3.1559
3.1244
3.0931
3.0622
3.0316
3.0013
2.9713
2.9415
2.9121
2.8830
2.8542
2.8256
5.7974
5.7394
5.6820
5.6252
5.5689
5.5132
5.4581
5.4035
5.3495
5.2960
5.2430
5.1906
5.1387
5.0873
5.0364
4.9861
4.9362
4.8869
4.8380
4.7896
4.7417
4.6943
4.6474
4.6009
4.5549
4.5093
4.4642
4.4196
4.3754
4.3316
4.2883
4.2454
4.2030
4.1610
4.1193
4.0781
4.0374
3.9970
3.9570
3.9175
3.8783
3.8395
3.8011
3.7631
3.7255
3.6882
3.6513
3.6148
3.5787
3.5429
3.5074
3.4724
3.4376
3.4033
3.3692
3.3355
3.3022
3.2692
3.2365
3.2041
3.1721
3.1404
3.1089
3.0779
3.0471
3.0166
2.9864
2.9566
2.9270
2.8977
2.8688
2.8401
2.8117
2.7836
2.7557
2.7282
2.7009
2.6739
2.6471
2.6207
2.5945
2.5685
2.5428
2.5174
2.4922
2.4673
2.4426
2.4182
2.3940
2.3701
2.3464
2.3229
2.2997
5.2767
5.2239
5.1717
5.1200
5.0688
5.0181
4.9679
4.9182
4.8690
4.8204
4.7721
4.7244
4.6772
4.6304
4.5841
4.5383
4.4929
4.4480
4.4035
4.3594
4.3158
4.2727
4.2300
4.1877
4.1458
4.1043
4.0633
4.0226
3.9824
3.9426
3.9032
3.8641
3.8255
3.7872
3.7494
3.7119
3.6748
3.6380
3.6016
3.5656
3.5300
3.4947
3.4597
3.4251
3.3909
3.3570
3.3234
3.2902
3.2573
3.2247
3.1924
3.1605
3.1289
3.0976
3.0666
3.0360
3.0056
2.9756
2.9458
2.9163
2.8872
2.8583
2.8297
2.8014
2.7734
2.7457
2.7182
2.6910
2.6641
2.6375
2.6111
2.5850
2.5592
2.5336
2.5082
2.4831
2.4583
2.4337
2.4094
2.3853
2.3614
2.3378
2.3144
2.2913
2.2684
2.2457
2.2233
2.2010
2.1790
2.1572
2.1356
2.1143
2.0931
2.0722
2.0515
2.0310
2.0107
1.9906
1.9707
1.9509
1.9314
1.9121
1.8930
1.8741
1.8553
1.8368
1.8184
1.8002
1.7822
4.7644
4.7168
4.6696
4.6229
4.5767
4.5309
4.4856
4.4407
4.3963
4.3524
4.3088
4.2658
4.2231
4.1809
4.1391
4.0977
4.0567
4.0161
3.9760
3.9362
3.8968
3.8579
3.8193
3.7811
3.7433
3.7059
3.6688
3.6321
3.5958
3.5598
3.5242
3.4890
3.4541
3.4196
3.3854
3.3515
3.3180
3.2848
3.2520
3.2194
3.1873
3.1554
3.1238
3.0926
3.0617
3.0310
3.0007
2.9707
2.9410
2.9116
2.8825
2.8537
2.8251
2.7969
2.7689
2.7412
2.7138
2.6867
2.6598
2.6332
2.6069
2.5808
2.5550
2.5294
2.5042
2.4791
2.4543
2.4298
2.4055
2.3814
2.3576
2.3340
2.3107
2.2876
2.2647
2.2421
2.2196
2.1974
2.1755
2.1537
2.1322
2.1109
2.0898
2.0689
2.0482
2.0277
2.0074
1.9873
1.9675
1.9478
1.9283
1.9090
1.8899
1.8710
1.8523
1.8338
1.8155
1.7973
1.7793
1.7615
1.7439
1.7265
1.7092
1.6921
1.6752
1.6585
1.6419
1.6255
1.6092
1.5931
1.5772
1.5614
1.5458
1.5303
1.5150
1.4999
1.4849
1.4700
1.4553
1.4408
1.4264
1.4121
1.3980
1.3840
1.3702
1.3565
1.3429
1.3295
1.3162
1.3030
1.2900
1.2771
4.2643
4.2217
4.1795
4.1377
4.0963
4.0553
4.0148
3.9746
3.9349
3.8955
3.8566
3.8180
3.7798
3.7420
3.7046
3.6676
3.6309
3.5946
3.5586
3.5230
3.4878
3.4529
3.4184
3.3842
3.3504
3.3169
3.2837
3.2509
3.2184
3.1862
3.1543
3.1228
3.0915
3.0606
3.0300
2.9997
2.9697
2.9400
2.9106
2.8815
2.8527
2.8242
2.7959
2.7680
2.7403
2.7129
2.6858
2.6589
2.6323
2.6060
2.5799
2.5541
2.5286
2.5033
2.4783
2.4535
2.4290
2.4047
2.3806
2.3568
2.3332
2.3099
2.2868
2.2639
2.2413
2.2189
2.1967
2.1747
2.1530
2.1315
2.1101
2.0890
2.0682
2.0475
2.0270
2.0067
1.9867
1.9668
1.9471
1.9277
1.9084
1.8893
1.8704
1.8517
1.8332
1.8148
1.7967
1.7787
1.7609
1.7433
1.7259
1.7086
1.6916
1.6746
1.6579
1.6413
1.6249
1.6087
1.5926
1.5766
1.5609
1.5453
1.5298
1.5145
1.4994
1.4844
1.4695
1.4548
1.4403
1.4259
1.4116
1.3975
1.3835
1.3697
1.3560
1.3424
1.3290
1.3157
1.3026
1.2895
1.2767
1.2639
1.2512
1.2387
1.2263
1.2141
1.2019
1.1899
1.1780
1.1662
1.1546
1.1430
1.1316
1.1203
1.1091
1.0980
1.0870
1.0761
1.0654
1.0547
1.0442
1.0337
1.0234
1.0132
1.0030
0.9930
0.9831
0.9732
0.9635
0.9539
0.9443
0.9349
0.9255
0.9163
0.9071
0.8981
0.8891
0.8802
0.8714
0.8627
0.8540
0.8455
0.8370
0.8287
0.8204
0.8122
0.8041
0.7960
0.7881
0.7802
0.7724
0.7647
3.7570
3.7194
3.6822
3.6454
3.6090
3.5729
3.5372
3.5018
3.4668
3.4321
3.3978
3.3638
3.3302
3.2969
3.2639
3.2312
3.1989
3.1669
3.1353
3.1039
3.0729
3.0422
3.0117
2.9816
2.9518
2.9223
2.8931
2.8641
2.8355
2.8071
2.7791
2.7513
2.7238
2.6965
2.6696
2.6429
2.6164
2.5903
2.5644
2.5387
2.5133
2.4882
2.4633
2.4387
2.4143
2.3902
2.3663
2.3426
2.3192
2.2960
2.2730
2.2503
2.2278
2.2055
2.1834
2.1616
2.1400
2.1186
2.0974
2.0764
2.0557
2.0351
2.0148
1.9946
1.9747
1.9549
1.9354
1.9160
1.8969
1.8779
1.8591
1.8405
1.8221
1.8039
1.7859
1.7680
1.7503
1.7328
1.7155
1.6983
1.6813
1.6645
1.6479
1.6314
1.6151
1.5989
1.5830
1.5671
1.5515
1.5359
1.5206
1.5054
1.4903
1.4754
1.4607
1.4461
1.4316
1.4173
1.4031
1.3891
1.3752
1.3614
1.3478
1.3343
1.3210
1.3078
1.2947
1.2818
1.2689
1.2563
1.2437
1.2313
1.2189
1.2068
1.1947
1.1827
1.1709
1.1592
1.1476
1.1361
1.1248
1.1135
1.1024
1.0914
1.0805
1.0697
1.0590
1.0484
1.0379
1.0275
1.0172
1.0071
0.9970
0.9870
0.9771
0.9674
0.9577
0.9481
0.9386
0.9293
0.9200
0.9108
0.9017
0.8926
0.8837
0.8749
0.8661
0.8575
0.8489
0.8404
0.8320
0.8237
0.8154
0.8073
0.7992
0.7912
0.7833
0.7755
0.7677
0.7600
0.7524
0.7449
0.7375
0.7301
0.7228
0.7156
0.7084
0.7013
0.6943
0.6874
0.6805
0.6737
0.6670
0.6603
0.6537
0.6471
0.6407
0.6343
0.6279
0.6216
0.6154
0.6093
0.6032
0.5971
0.5912
0.5853
0.5794
0.5736
0.5679
0.5622
0.5566
0.5510
0.5455
0.5401
0.5347
0.5293
0.5240
0.5188
0.5136
0.5084
0.5034
0.4983
0.4933
0.4884
0.4835
0.4787
0.4739
0.4692
0.4645
0.4598
0.4552
0.4507
0.4462
0.4417
0.4373
0.4329
0.4286
0.4243
0.4201
0.4159
0.4117
0.4076
0.4035
0.3995
0.3955
0.3915
0.3876
0.3837
0.3799
0.3761
0.3723
0.3686
0.3649
0.3613
0.3577
0.3541
0.3505
0.3470
0.3436
0.3401
0.3367
0.3334
0.3300
0.3267
0.3235
0.3202
0.3170
0.3139
0.3107
0.3076
0.3045
0.3015
0.2985
0.2955
0.2925
0.2896
0.2867
0.2838
0.2810
0.2782
0.2754
0.2727
0.2699
0.2672
0.2646
0.2619
0.2593
3.2567
3.2241
3.1919
3.1600
3.1284
3.0971
3.0661
3.0355
3.0051
2.9751
2.9453
2.9159
2.8867
2.8578
2.8293
2.8010
2.7729
2.7452
2.7178
2.6906
2.6637
2.6370
2.6107
2.5846
2.5587
2.5331
2.5078
2.4827
2.4579
2.4333
2.4090
2.3849
2.3610
2.3374
2.3141
2.2909
2.2680
2.2453
2.2229
2.2007
2.1786
2.1569
2.1353
2.1139
2.0928
2.0719
2.0512
2.0306
2.0103
1.9902
1.9703
1.9506
1.9311
1.9118
1.8927
1.8738
1.8550
1.8365
1.8181
1.7999
1.7819
1.7641
1.7465
1.7290
1.7117
1.6946
1.6777
1.6609
1.6443
1.6278
1.6115
1.5954
1.5795
1.5637
1.5480
1.5326
1.5172
1.5021
1.4870
1.4722
1.4575
1.4429
1.4284
1.4142
1.4000
1.3860
1.3722
1.3584
1.3449
1.3314
1.3181
1.3049
1.2919
1.2789
1.2662
1.2535
1.2410
1.2285
1.2163
1.2041
1.1921
1.1801
1.1683
1.1567
1.1451
1.1336
1.1223
1.1111
1.1000
1.0890
1.0781
1.0673
1.0566
1.0461
1.0356
1.0252
1.0150
1.0048
0.9948
0.9848
0.9750
0.9652
0.9556
0.9460
0.9366
0.9272
0.9179
0.9088
0.8997
0.8907
0.8818
0.8729
0.8642
0.8556
0.8470
0.8386
0.8302
0.8219
0.8136
0.8055
0.7975
0.7895
0.7816
0.7738
0.7660
0.7584
0.7508
0.7433
0.7358
0.7285
0.7212
0.7140
0.7069
0.6998
0.6928
0.6859
0.6790
0.6722
0.6655
0.6588
0.6522
0.6457
0.6393
0.6329
0.6265
0.6203
0.6141
0.6079
0.6019
0.5958
0.5899
0.5840
0.5781
0.5724
0.5666
0.5610
0.5554
0.5498
0.5443
0.5389
0.5335
0.5281
0.5229
0.5176
0.5125
0.5073
0.5023
0.4972
0.4923
0.4873
0.4825
0.4776
0.4729
0.4681
0.4635
0.4588
0.4542
0.4497
0.4452
0.4407
0.4363
0.4320
0.4276
0.4234
0.4191
0.4149
0.4108
0.4067
0.4026
0.3986
0.3946
0.3907
0.3868
0.3829
0.3791
0.3753
0.3715
0.3678
0.3641
0.3605
0.3569
0.3533
0.3498
0.3463
0.3428
0.3394
0.3360
0.3326
0.3293
0.3260
0.3228
0.3195
0.3163
0.3132
0.3100
0.3069
0.3039
0.3008
0.2978
0.2948
0.2919
0.2890
0.2861
0.2832
0.2804
0.2776
0.2748
0.2721
0.2693
0.2667
0.2640
0.2613
0.2587
0.2561
0.2536
0.2510
0.2485
0.2461
0.2436
0.2412
0.2387
0.2364
0.2340
0.2317
0.2293
0.2270
0.2248
0.2225
0.2203
0.2181
0.2159
0.2138
0.2116
0.2095
0.2074
0.2053
0.2033
0.2012
0.1992
0.1972
0.1953
0.1933
0.1914
0.1895
0.1876
0.1857
0.1838
0.1820
0.1802
0.1784
0.1766
0.1748
0.1731
0.1714
0.1696
0.1679
0.1663
0.1646
0.1630
0.1613
0.1597
0.1581
0.1565
0.1550
0.1534
0.1519
0.1504
0.1489
0.1474
0.1459
0.1444
0.1430
0.1416
0.1402
0.1387
0.1374
0.1360
0.1346
0.1333
0.1319
0.1306
0.1293
0.1280
0.1267
0.1255
0.1242
0.1230
0.1218
0.1205
0.1193
0.1181
0.1170
0.1158
0.1146
0.1135
0.1123
0.1112
0.1101
0.1090
0.1079
0.1068
0.1058
0.1047
0.1037
0.1026
0.1016
0.1006
0.0996
0.0986
0.0976
0.0966
0.0957
0.0947
0.0938
0.0928
0.0919
0.0910
0.0901
0.0892
0.0883
0.0874
0.0865
0.0856
0.0848
0.0839
0.0831
0.0823
0.0815
0.0806
0.0798
0.0790
0.0782
0.0775
0.0767
0.0759
0.0752
0.0744
0.0737
0.0729
0.0722
0.0715
0.0708
0.0701
0.0694
0.0687
0.0680
0.0673
0.0666
0.0660
0.0653
0.0646
0.0640
0.0634
0.0627
0.0621
0.0615
0.0609
0.0602
0.0596
0.0591
0.0585
0.0579
0.0573
0.0567
0.0562
0.0556
0.0550
0.0545
0.0539
0.0534
0.0529
0.0523
0.0518
0.0513
0.0508
0.0503

10.0000
9.9000
9.8010
9.7030
9.6060
9.5099
9.4148
9.3207
9.2274
9.1352
9.0438
8.9534
8.8638
8.7752
8.6875
8.6006
8.5146
8.4294
8.3451
8.2617
8.1791
8.0973
8.0163
7.9361
7.8568
7.7782
7.7004
7.6234
7.5472
7.4717
7.3970
7.3230
7.2498
7.1773
7.1055
7.0345
6.9641
6.8945
6.8255
6.7573
6.6897
6.6228
6.5566
9.4910
9.3961
9.3022
9.2091
9.1170
9.0259
8.9356
8.8463
8.7578
8.6702
8.5835
8.4977
8.4127
8.3286
8.2453
8.1628
8.0812
8.0004
7.9204
7.8412
7.7628
7.6851
7.6083
7.5322
7.4569
7.3823
7.3085
7.2354
7.1631
7.0914
7.0205
6.9503
6.8808
6.8120
6.7439
6.6764
6.6097
6.5436
6.4781
6.4134
6.3492
6.2857
6.2229
6.1607
6.0990
6.0381
8.9777
8.8879
8.7990
8.7110
8.6239
8.5377
8.4523
8.3678
8.2841
8.2013
8.1192
8.0381
7.9577
7.8781
7.7993
7.7213
7.6441
7.5677
7.4920
7.4171
7.3429
7.2695
7.1968
7.1248
7.0536
6.9830
6.9132
6.8441
6.7756
6.7079
6.6408
6.5744
6.5086
6.4435
6.3791
6.3153
6.2522
6.1896
6.1278
6.0665
6.0058
5.9458
5.8863
5.8274
5.7692
5.7115
5.6544
5.5978
5.5418
5.4864
8.4315
8.3472
8.2638
8.1811
8.0993
8.0183
7.9381
7.8588
7.7802
7.7024
7.6253
7.5491
7.4736
7.3989
7.3249
7.2516
7.1791
7.1073
7.0362
6.9659
6.8962
6.8273
6.7590
6.6914
6.6245
6.5582
6.4927
6.4277
6.3635
6.2998
6.2368
6.1744
6.1127
6.0516
5.9911
5.9312
5.8718
5.8131
5.7550
5.6974
5.6405
5.5841
5.5282
5.4729
5.4182
5.3640
5.3104
5.2573
5.2047
5.1527
5.1011
5.0501
4.9996
4.9496
7.9001
7.8211
7.7429
7.6655
7.5888
7.5129
7.4378
7.3634
7.2898
7.2169
7.1447
7.0733
7.0026
6.9325
6.8632
6.7946
6.7266
6.6594
6.5928
6.5268
6.4616
6.3970
6.3330
6.2697
6.2070
6.1449
6.0834
6.0226
5.9624
5.9028
5.8437
5.7853
5.7274
5.6702
5.6135
5.5573
5.5018
5.4467
5.3923
5.3383
5.2850
5.2321
5.1798
5.1280
5.0767
5.0259
4.9757
4.9259
4.8767
4.8279
4.7796
4.7318
4.6845
4.6377
4.5913
4.5454
4.4999
4.4549
4.4104
7.3663
7.2926
7.2197
7.1475
7.0760
7.0053
6.9352
6.8658
6.7972
6.7292
6.6619
6.5953
6.5294
6.4641
6.3994
6.3354
6.2721
6.2093
6.1473
6.0858
6.0249
5.9647
5.9050
5.8460
5.7875
5.7296
5.6723
5.6156
5.5595
5.5039
5.4488
5.3943
5.3404
5.2870
5.2341
5.1818
5.1300
5.0787
5.0279
4.9776
4.9278
4.8785
4.8298
4.7815
4.7337
4.6863
4.6395
4.5931
4.5471
4.5017
4.4566
4.4121
4.3680
4.3243
4.2810
4.2382
4.1958
4.1539
4.1123
4.0712
4.0305
3.9902
3.9503
3.9108
3.8717
6.8330
6.7646
6.6970
6.6300
6.5637
6.4981
6.4331
6.3688
6.3051
6.2420
6.1796
6.1178
6.0566
5.9961
5.9361
5.8768
5.8180
5.7598
5.7022
5.6452
5.5887
5.5328
5.4775
5.4227
5.3685
5.3148
5.2617
5.2091
5.1570
5.1054
5.0544
5.0038
4.9538
4.9042
4.8552
4.8066
4.7586
4.7110
4.6639
4.6172
4.5711
4.5254
4.4801
4.4353
4.3909
4.3470
4.3036
4.2605
4.2179
4.1757
4.1340
4.0926
4.0517
4.0112
3.9711
3.9314
3.8921
3.8531
3.8146
3.7765
3.7387
3.7013
3.6643
3.6277
3.5914
3.5555
3.5199
3.4847
3.4499
3.4154
3.3812
3.3474
6.3139
6.2508
6.1883
6.1264
6.0651
6.0045
5.9444
5.8850
5.8261
5.7679
5.7102
5.6531
5.5966
5.5406
5.4852
5.4303
5.3760
5.3223
5.2691
5.2164
5.1642
5.1126
5.0614
5.0108
4.9607
4.9111
4.8620
4.8134
4.7652
4.7176
4.6704
4.6237
4.5775
4.5317
4.4864
4.4415
4.3971
4.3531
4.3096
4.2665
4.2238
4.1816
4.1398
4.0984
4.0574
4.0168
3.9767
3.9369
3.8975
3.8586
3.8200
3.7818
3.7439
3.7065
3.6694
3.6328
3.5964
3.5605
3.5249
3.4896
3.4547
3.4202
3.3860
3.3521
3.3186
3.2854
3.2525
3.2200
3.1878
3.1559
3.1244
3.0931
3.0622
3.0316
3.0013
2.9713
2.9415
2.9121
2.8830
2.8542
2.8256
5.7974
5.7394
5.6820
5.6252
5.5689
5.5132
5.4581
5.4035
5.3495
5.2960
5.2430
5.1906
5.1387
5.0873
5.0364
4.9861
4.9362
4.8869
4.8380
4.7896
4.7417
4.6943
4.6474
4.6009
4.5549
4.5093
4.4642
4.4196
4.3754
4.3316
4.2883
4.2454
4.2030
4.1610
4.1193
4.0781
4.0374
3.9970
3.9570
3.9175
3.8783
3.8395
3.8011
3.7631
3.7255
3.6882
3.6513
3.6148
3.5787
3.5429
3.5074
3.4724
3.4376
3.4033
3.3692
3.3355
3.3022
3.2692
3.2365
3.2041
3.1721
3.1404
3.1089
3.0779
3.0471
3.0166
2.9864
2.9566
2.9270
2.8977
2.8688
2.8401
2.8117
2.7836
2.7557
2.7282
2.7009
2.6739
2.6471
2.6207
2.5945
2.5685
2.5428
2.5174
2.4922
2.4673
2.4426
2.4182
2.3940
2.3701
2.3464
2.3229
2.2997
5.2767
5.2239
5.1717
5.1200
5.0688
5.0181
4.9679
4.9182
4.8690
4.8204
4.7721
4.7244
4.6772
4.6304
4.5841
4.5383
4.4929
4.4480
4.4035
4.3594
4.3158
4.2727
4.2300
4.1877
4.1458
4.1043
4.0633
4.0226
3.9824
3.9426
3.9032
3.8641
3.8255
3.7872
3.7494
3.7119
3.6748
3.6380
3.6016
3.5656
3.5300
3.4947
3.4597
3.4251
3.3909
3.3570
3.3234
3.2902
3.2573
3.2247
3.1924
3.1605
3.1289
3.0976
3.0666
3.0360
3.0056
2.9756
2.9458
2.9163
2.8872
2.8583
2.8297
2.8014
2.7734
2.7457
2.7182
2.6910
2.6641
2.6375
2.6111
2.5850
2.5592
2.5336
2.5082
2.4831
2.4583
2.4337
2.4094
2.3853
2.3614
2.3378
2.3144
2.2913
2.2684
2.2457
2.2233
2.2010
2.1790
2.1572
2.1356
2.1143
2.0931
2.0722
2.0515
2.0310
2.0107
1.9906
1.9707
1.9509
1.9314
1.9121
1.8930
1.8741
1.8553
1.8368
1.8184
1.8002
1.7822
4.7644
4.7168
4.6696
4.6229
4.5767
4.5309
4.4856
4.4407
4.3963
4.3524
4.3088
4.2658
4.2231
4.1809
4.1391
4.0977
4.0567
4.0161
3.9760
3.9362
3.8968
3.8579
3.8193
3.7811
3.7433
3.7059
3.6688
3.6321
3.5958
3.5598
3.5242
3.4890
3.4541
3.4196
3.3854
3.3515
3.3180
3.2848
3.2520
3.2194
3.1873
3.1554
3.1238
3.0926
3.0617
3.0310
3.0007
2.9707
2.9410
2.9116
2.8825
2.8537
2.8251
2.7969
2.7689
2.7412
2.7138
2.6867
2.6598
2.6332
2.6069
2.5808
2.5550
2.5294
2.5042
2.4791
2.4543
2.4298
2.4055
2.3814
2.3576
2.3340
2.3107
2.2876
2.2647
2.2421
2.2196
2.1974
2.1755
2.1537
2.1322
2.1109
2.0898
2.0689
2.0482
2.0277
2.0074
1.9873
1.9675
1.9478
1.9283
1.9090
1.8899
1.8710
1.8523
1.8338
1.8155
1.7973
1.7793
1.7615
1.7439
1.7265
1.7092
1.6921
1.6752
1.6585
1.6419
1.6255
1.6092
1.5931
1.5772
1.5614
1.5458
1.5303
1.5150
1.4999
1.4849
1.4700
1.4553
1.4408
1.4264
1.4121
1.3980
1.3840
1.3702
1.3565
1.3429
1.3295
1.3162
1.3030
1.2900
1.2771
4.2643
4.2217
4.1795
4.1377
4.0963
4.0553
4.0148
3.9746
3.9349
3.8955
3.8566
3.8180
3.7798
3.7420
3.7046
3.6676
3.6309
3.5946
3.5586
3.5230
3.4878
3.4529
3.4184
3.3842
3.3504
3.3169
3.2837
3.2509
3.2184
3.1862
3.1543
3.1228
3.0915
3.0606
3.0300
2.9997
2.9697
2.9400
2.9106
2.8815
2.8527
2.8242
2.7959
2.7680
2.7403
2.7129
2.6858
2.6589
2.6323
2.6060
2.5799
2.5541
2.5286
2.5033
2.4783
2.4535
2.4290
2.4047
2.3806
2.3568
2.3332
2.3099
2.2868
2.2639
2.2413
2.2189
2.1967
2.1747
2.1530
2.1315
2.1101
2.0890
2.0682
2.0475
2.0270
2.0067
1.9867
1.9668
1.9471
1.9277
1.9084
1.8893
1.8704
1.8517
1.8332
1.8148
1.7967
1.7787
1.7609
1.7433
1.7259
1.7086
1.6916
1.6746
1.6579
1.6413
1.6249
1.6087
1.5926
1.5766
1.5609
1.5453
1.5298
1.5145
1.4994
1.4844
1.4695
1.4548
1.4403
1.4259
1.4116
1.3975
1.3835
1.3697
1.3560
1.3424
1.3290
1.3157
1.3026
1.2895
1.2767
1.2639
1.2512
1.2387
1.2263
1.2141
1.2019
1.1899
1.1780
1.1662
1.1546
1.1430
1.1316
1.1203
1.1091
1.0980
1.0870
1.0761
1.0654
1.0547
1.0442
1.0337
1.0234
1.0132
1.0030
0.9930
0.9831
0.9732
0.9635
0.9539
0.9443
0.9349
0.9255
0.9163
0.9071
0.8981
0.8891
0.8802
0.8714
0.8627
0.8540
0.8455
0.8370
0.8287
0.8204
0.8122
0.8041
0.7960
0.7881
0.7802
0.7724
0.7647
3.7570
3.7194
3.6822
3.6454
3.6090
3.5729
3.5372
3.5018
3.4668
3.4321
3.3978
3.3638
3.3302
3.2969
3.2639
3.2312
3.1989
3.1669
3.1353
3.1039
3.0729
3.0422
3.0117
2.9816
2.9518
2.9223
2.8931
2.8641
2.8355
2.8071
2.7791
2.7513
2.7238
2.6965
2.6696
2.6429
2.6164
2.5903
2.5644
2.5387
2.5133
2.4882
2.4633
2.4387
2.4143
2.3902
2.3663
2.3426
2.3192
2.2960
2.2730
2.2503
2.2278
2.2055
2.1834
2.1616
2.1400
2.1186
2.0974
2.0764
2.0557
2.0351
2.0148
1.9946
1.9747
1.9549
1.9354
1.9160
1.8969
1.8779
1.8591
1.8405
1.8221
1.8039
1.7859
1.7680
1.7503
1.7328
1.7155
1.6983
1.6813
1.6645
1.6479
1.6314
1.6151
1.5989
1.5830
1.5671
1.5515
1.5359
1.5206
1.5054
1.4903
1.4754
1.4607
1.4461
1.4316
1.4173
1.4031
1.3891
1.3752
1.3614
1.3478
1.3343
1.3210
1.3078
1.2947
1.2818
1.2689
1.2563
1.2437
1.2313
1.2189
1.2068
1.1947
1.1827
1.1709
1.1592
1.1476
1.1361
1.1248
1.1135
1.1024
1.0914
1.0805
1.0697
1.0590
1.0484
1.0379
1.0275
1.0172
1.0071
0.9970
0.9870
0.9771
0.9674
0.9577
0.9481
0.9386
0.9293
0.9200
0.9108
0.9017
0.8926
0.8837
0.8749
0.8661
0.8575
0.8489
0.8404
0.8320
0.8237
0.8154
0.8073
0.7992
0.7912
0.7833
0.7755
0.7677
0.7600
0.7524
0.7449
0.7375
0.7301
0.7228
0.7156
0.7084
0.7013
0.6943
0.6874
0.6805
0.6737
0.6670
0.6603
0.6537
0.6471
0.6407
0.6343
0.6279
0.6216
0.6154
0.6093
0.6032
0.5971
0.5912
0.5853
0.5794
0.5736
0.5679
0.5622
0.5566
0.5510
0.5455
0.5401
0.5347
0.5293
0.5240
0.5188
0.5136
0.5084
0.5034
0.4983
0.4933
0.4884
0.4835
0.4787
0.4739
0.4692
0.4645
0.4598
0.4552
0.4507
0.4462
0.4417
0.4373
0.4329
0.4286
0.4243
0.4201
0.4159
0.4117
0.4076
0.4035
0.3995
0.3955
0.3915
0.3876
0.3837
0.3799
0.3761
0.3723
0.3686
0.3649
0.3613
0.3577
0.3541
0.3505
0.3470
0.3436
0.3401
0.3367
0.3334
0.3300
0.3267
0.3235
0.3202
0.3170
0.3139
0.3107
0.3076
0.3045
0.3015
0.2985
0.2955
0.2925
0.2896
0.2867
0.2838
0.2810
0.2782
0.2754
0.2727
0.2699
0.2672
0.2646
0.2619
0.2593
3.2567
3.2241
3.1919
3.1600
3.1284
3.0971
3.0661
3.0355
3.0051
2.9751
2.9453
2.9159
2.8867
2.8578
2.8293
2.8010
2.7729
2.7452
2.7178
2.6906
2.6637
2.6370
2.6107
2.5846
2.5587
2.5331
2.5078
2.4827
2.4579
2.4333
2.4090
2.3849
2.3610
2.3374
2.3141
2.2909
2.2680
2.2453
2.2229
2.2007
2.1786
2.1569
2.1353
2.1139
2.0928
2.0719
2.0512
2.0306
2.0103
1.9902
1.9703
1.9506
1.9311
1.9118
1.8927
1.8738
1.8550
1.8365
1.8181
1.7999
1.7819
1.7641
1.7465
1.7290
1.7117
1.6946
1.6777
1.6609
1.6443
1.6278
1.6115
1.5954
1.5795
1.5637
1.5480
1.5326
1.5172
1.5021
1.4870
1.4722
1.4575
1.4429
1.4284
1.4142
1.4000
1.3860
1.3722
1.3584
1.3449
1.3314
1.3181
1.3049
1.2919
1.2789
1.2662
1.2535
1.2410
1.2285
1.2163
1.2041
1.1921
1.1801
1.1683
1.1567
1.1451
1.1336
1.1223
1.1111
1.1000
1.0890
1.0781
1.0673
1.0566
1.0461
1.0356
1.0252
1.0150
1.0048
0.9948
0.9848
0.9750
0.9652
0.9556
0.9460
0.9366
0.9272
0.9179
0.9088
0.8997
0.8907
0.8818
0.8729
0.8642
0.8556
0.8470
0.8386
0.8302
0.8219
0.8136
0.8055
0.7975
0.7895
0.7816
0.7738
0.7660
0.7584
0.7508
0.7433
0.7358
0.7285
0.7212
0.7140
0.7069
0.6998
0.6928
0.6859
0.6790
0.6722
0.6655
0.6588
0.6522
0.6457
0.6393
0.6329
0.6265
0.6203
0.6141
0.6079
0.6019
0.5958
0.5899
0.5840
0.5781
0.5724
0.5666
0.5610
0.5554
0.5498
0.5443
0.5389
0.5335
0.5281
0.5229
0.5176
0.5125
0.5073
0.5023
0.4972
0.4923
0.4873
0.4825
0.4776
0.4729
0.4681
0.4635
0.4588
0.4542
0.4497
0.4452
0.4407
0.4363
0.4320
0.4276
0.4234
0.4191
0.4149
0.4108
0.4067
0.4026
0.3986
0.3946
0.3907
0.3868
0.3829
0.3791
0.3753
0.3715
0.3678
0.3641
0.3605
0.3569
0.3533
0.3498
0.3463
0.3428
0.3394
0.3360
0.3326
0.3293
0.3260
0.3228
0.3195
0.3163
0.3132
0.3100
0.3069
0.3039
0.3008
0.2978
0.2948
0.2919
0.2890
0.2861
0.2832
0.2804
0.2776
0.2748
0.2721
0.2693
0.2667
0.2640
0.2613
0.2587
0.2561
0.2536
0.2510
0.2485
0.2461
0.2436
0.2412
0.2387
0.2364
0.2340
0.2317
0.2293
0.2270
0.2248
0.2225
0.2203
0.2181
0.2159
0.2138
0.2116
0.2095
0.2074
0.2053
0.2033
0.2012
0.1992
0.1972
0.1953
0.1933
0.1914
0.1895
0.1876
0.1857
0.1838
0.1820
0.1802
0.1784
0.1766
0.1748
0.1731
0.1714
0.1696
0.1679
0.1663
0.1646
0.1630
0.1613
0.1597
0.1581
0.1565
0.1550
0.1534
0.1519
0.1504
0.1489
0.1474
0.1459
0.1444
0.1430
0.1416
0.1402
0.1387
0.1374
0.1360
0.1346
0.1333
0.1319
0.1306
0.1293
0.1280
0.1267
0.1255
0.1242
0.1230
0.1218
0.1205
0.1193
0.1181
0.1170
0.1158
0.1146
0.1135
0.1123
0.1112
0.1101
0.1090
0.1079
0.1068
0.1058
0.1047
0.1037
0.1026
0.1016
0.1006
0.0996
0.0986
0.0976
0.0966
0.0957
0.0947
0.0938
0.0928
0.0919
0.0910
0.0901
0.0892
0.0883
0.0874
0.0865
0.0856
0.0848
0.0839
0.0831
0.0823
0.0815
0.0806
0.0798
0.0790
0.0782
0.0775
0.0767
0.0759
0.0752
0.0744
0.0737
0.0729
0.0722
0.0715
0.0708
0.0701
0.0694
0.0687
0.0680
0.0673
0.0666
0.0660
0.0653
0.0646
0.0640
0.0634
0.0627
0.0621
0.0615
0.0609
0.0602
0.0596
0.0591
0.0585
0.0579
0.0573
0.0567
0.0562
0.0556
0.0550
0.0545
0.0539
0.0534
0.0529
0.0523
0.0518
0.0513
0.0508
0.0503
